image_width: 384
image_height: 288
camera_name: camera_front
camera_matrix:
  rows: 3
  cols: 3
  data: [382.405889784 , 0.000000, 191.500000, 0.000000, 382.405889784 , 144.000000, 0.000000, 0.000000, 1.000000]
distortion_model: plumb_bob
distortion_coefficients:
  rows: 1
  cols: 5
  data: [0.000000, 0.000000, 0.000000, 0.000000, 0.000000]
rectification_matrix:
  rows: 3
  cols: 3
  data: [1.000000, 0.000000, 0.000000, 0.000000, 1.000000, 0.000000, 0.000000, 0.000000, 1.000000]
projection_matrix:
  rows: 3
  cols: 4
  data: [382.405889784 , 0.000000, 191.500000, 0.000000, 0.000000, 382.405889784 , 144.000000, 0.000000, 0.000000, 0.000000, 0.000000, 1.000000, 0.000000]
