image_width: 640
image_height: 480
camera_name: head_camera
camera_matrix:
  rows: 3
  cols: 3
  data: [623.564789, 0, 326.059059, 0, 623.265591, 235.210301, 0, 0, 1]
distortion_model: plumb_bob
distortion_coefficients:
  rows: 1
  cols: 5
  data: [-0.013371, -0.331684, -0.008378, -0.00244, 0]
rectification_matrix:
  rows: 3
  cols: 3
  data: [1, 0, 0, 0, 1, 0, 0, 0, 1]
projection_matrix:
  rows: 3
  cols: 4
  data: [605.015869, 0, 325.40614, 0, 0, 616.864136, 232.58271, 0, 0, 0, 1, 0]
